9117,Marsiella,69,990472,0
27513,Zondra,64,433848,0
48479,Barbi,58,654654,0
51891,Kaia,39,930278,0
162567,Josephine,29,697081,0
164725,Jolyn,45,862190,0
202675,Eolanda,49,998618,0
253754,Rochette,38,1.27007e+06,0
263842,Roslyn,43,1.39483e+06,0
338163,Clo,54,803059,0
400566,Eugine,26,58107,0
423977,Kathy,31,143722,0
449355,Felice,49,969043,0
486853,Aubrie,30,956691,0
525868,Allis,70,1.13963e+06,0
679405,Jennica,35,676538,0
680641,Meg,46,214084,0
736165,Katharina,25,693662,0
778867,Loree,68,376164,0
783773,Belva,47,1.20282e+06,0
804520,Emylee,58,1.07592e+06,0
806470,Eadie,53,550918,0
