108591,Lila,23,164532,1
151315,Ira,60,868202,1
170661,Dulce,63,119060,1
181570,Vinita,35,1.24475e+06,1
214243,Sherrie,63,557227,1
224045,Kayla,66,1.30766e+06,1
233891,Genevra,72,1.02512e+06,1
270392,Fina,43,939405,1
276850,Deedee,63,472688,1
285847,Brietta,31,825252,1
285907,Linzy,24,282955,1
304875,Sheelagh,55,1.14594e+06,1
355211,Cassandra,66,1.32643e+06,1
404028,Corina,31,618593,1
551953,Meghann,37,982271,1
602699,Carol-Jean,63,974991,1
664728,Merci,43,974276,1
706098,Rosene,53,1.12048e+06,1
775695,Ilse,53,284989,1
828512,Neila,32,49183,1
889481,Tobe,42,463236,1
899718,Brandise,69,534917,1
