61678,Melina,60,1.32575e+06,10
66166,Bibby,20,792292,10
79384,Dennie,63,913409,10
83880,Flo,62,1.37705e+06,10
135522,Suzette,19,253152,10
195381,Olwen,34,1.00107e+06,10
199701,Jan,35,1.04234e+06,10
207415,Hope,45,828625,10
274963,Tiffie,42,442165,10
354277,Maridel,43,733517,10
428819,Dorthy,33,740896,10
490901,Paulita,47,999303,10
525258,Willetta,41,145740,10
529753,Laure,61,946827,10
559616,Dianemarie,64,1.00061e+06,10
581710,Evita,53,635319,10
582681,Maye,25,445775,10
630506,Aurore,30,433894,10
646585,Brana,25,1.15624e+06,10
711610,Ivett,55,396968,10
922078,Nariko,33,190103,10
989843,Shirlee,44,176524,10
