25954,Modestia,59,1.28606e+06,11
60259,Margarette,25,203480,11
88985,Nannie,55,255622,11
165675,Emilia,49,64291,11
255424,Maisey,67,313447,11
259487,Correy,41,737006,11
295731,Alie,45,597003,11
298797,Consuela,22,1.32978e+06,11
326408,Queenie,29,1.02048e+06,11
405053,Gusella,40,1.24391e+06,11
426128,Consuela,71,480537,11
452143,Meg,18,190705,11
482356,Shandie,64,275733,11
514456,Albertina,59,1.12525e+06,11
556241,Briney,28,1.30092e+06,11
577266,Donnie,33,621938,11
858400,Tarra,57,815844,11
873080,Di,69,962104,11
885620,Andeee,49,584442,11
908965,Melisent,59,85485,11
937670,Fina,20,956150,11
960851,Odessa,43,436610,11
