118345,Jordan,32,935851,13
225780,Aaren,19,168194,13
263804,Jenda,56,1.05493e+06,13
323391,Jobi,36,54806,13
326160,Tierney,28,763891,13
333332,Roz,58,1.09007e+06,13
347659,Brandise,39,1.33657e+06,13
400188,Amelia,25,884023,13
447969,Edith,24,609416,13
456593,Quintina,53,949646,13
486512,Joeann,49,873447,13
488017,Yolane,24,734979,13
542925,Annabela,35,583620,13
588852,Renae,24,285781,13
599911,Aeriela,68,1.1693e+06,13
618905,Atlanta,60,1.2373e+06,13
640211,Christian,37,1.20038e+06,13
693300,Roz,43,251467,13
778891,Ulrike,71,917192,13
834204,Riannon,66,91828,13
861594,Robinia,57,191420,13
984090,Mignon,44,1.21631e+06,13
