13075,Fayre,35,720375,14
31956,Kial,60,1.11279e+06,14
265405,Fina,19,1.2669e+06,14
339400,Sam,59,926241,14
378765,Doro,72,785668,14
380336,Reeba,48,693268,14
425437,Kirstin,50,167439,14
438311,Marleah,39,1.26236e+06,14
444201,Zondra,47,1.22962e+06,14
459422,Madeleine,64,139047,14
509352,Ardenia,26,1.11354e+06,14
524465,Asia,54,637504,14
534379,Celestyna,44,55956,14
641239,Margalo,59,1.04597e+06,14
715124,Edith,21,832552,14
754186,Katuscha,34,238843,14
762973,Peri,30,342712,14
818919,Daune,57,1.10856e+06,14
904913,Trixi,59,453410,14
922639,Marjie,21,997663,14
925313,Zondra,34,1.01276e+06,14
984194,Suzette,39,632245,14
