211820,Estell,70,152832,15
264792,Allis,39,784459,15
296383,Theodora,18,895397,15
320390,Oona,53,381901,15
341521,Brooks,50,461989,15
362341,Adriana,23,85697,15
387499,Margalo,41,805811,15
465532,Taffy,43,529322,15
480804,Lulita,42,328966,15
549804,Ulrike,52,447746,15
554788,Lesly,34,1.24097e+06,15
610439,Ida,50,692006,15
618805,Michaelina,52,565181,15
692394,Gusty,68,536728,15
727206,Fayre,53,900037,15
759705,Teriann,70,1.15375e+06,15
800140,Tamqrah,46,547161,15
821666,Sara-Ann,62,987392,15
879613,Marika,46,889361,15
893329,Vere,55,1.30549e+06,15
915029,Candy,57,403176,15
967667,Genevra,48,165554,15
