30811,Wanda,40,843931,16
111625,Zsa Zsa,53,304198,16
119667,Nyssa,43,303075,16
121410,Carmencita,62,1.38816e+06,16
122419,Layla,58,438229,16
140644,Marylou,71,1.22722e+06,16
235148,Catrina,26,750438,16
259187,Brooks,23,504918,16
304263,Barbi,69,1.09976e+06,16
310458,Gratia,30,1.05082e+06,16
334332,Beth,45,267563,16
352426,Sheelagh,36,336556,16
455519,Helsa,31,1.39252e+06,16
530094,Chastity,27,1.35193e+06,16
568576,Alexine,31,639309,16
704423,Amelia,51,113038,16
715751,Danika,21,257227,16
725590,Celestyna,68,846201,16
741668,Eugine,38,404867,16
874692,Halette,71,809274,16
979258,Carly,60,934580,16
989387,Evita,68,931091,16
