38545,Sindee,69,480818,17
89669,Chickie,26,302450,17
103742,Elsie,27,364160,17
221247,Romona,49,1.38215e+06,17
280560,Jorry,31,1.11385e+06,17
283884,Kary,66,858840,17
294215,Babita,42,517146,17
342106,Katharina,50,1.08043e+06,17
342284,Gertrud,56,583781,17
370449,Collen,56,594204,17
373134,Heida,54,778737,17
474942,Jenilee,61,1.2448e+06,17
571997,Caritta,55,493550,17
574313,Bettine,37,567843,17
620697,Annabela,36,570401,17
643903,Lizzie,37,451979,17
653474,Mady,59,562517,17
725650,Dotty,48,1.27148e+06,17
781180,Claresta,26,651378,17
837934,Susette,28,875703,17
907216,Isa,51,578196,17
973416,Marleah,30,1.09002e+06,17
