45182,Sharai,70,623909,2
124103,Kenna,57,1.00615e+06,2
167134,Ebonee,46,1.11594e+06,2
188156,Leia,62,890655,2
209124,Meriel,42,1.32461e+06,2
333254,Nonnah,37,611250,2
346103,Roxane,69,79905,2
357214,Dania,34,1.1339e+06,2
388818,Cassondra,44,444360,2
407580,Charlena,55,525630,2
423003,Adriana,44,411090,2
424158,Esmeralda,19,477858,2
427296,Marylou,46,325492,2
465152,Meg,26,1.07157e+06,2
548924,Brietta,67,144037,2
621552,Joy,30,901692,2
625671,Cissiee,46,519557,2
741954,Jan,24,83873,2
794689,Marguerite,20,714230,2
805865,Petronia,34,653634,2
870680,Tobe,33,477280,2
898494,Orsola,67,561422,2
