79015,Frieda,31,1.36325e+06,3
152441,Lory,46,316392,3
229287,Ermengarde,71,925177,3
275919,Heddie,55,795215,3
345840,Consuela,52,246961,3
359534,Briney,37,189317,3
380424,Joleen,35,954371,3
404647,Florencia,43,1.21823e+06,3
430805,Fanny,60,1.05823e+06,3
434062,Shel,70,663548,3
449941,Berget,24,1.01033e+06,3
470675,Shauna,35,273089,3
482038,Alameda,48,1.24071e+06,3
562028,Tierney,19,714715,3
566986,Marita,28,274399,3
620628,Sindee,56,617738,3
646712,Catharine,58,1.16825e+06,3
737543,Lizzie,52,785380,3
762558,Sean,70,650009,3
899503,Annecorinne,55,172101,3
951439,Amii,25,1.25689e+06,3
984795,Kathy,24,910813,3
