5189,Sadie,40,1.24512e+06,5
37663,Yetty,54,755801,5
100100,Hildegaard,57,1.21309e+06,5
171142,Ethel,21,769516,5
205706,Gerrie,48,830072,5
270003,Olwen,60,1.15046e+06,5
274303,Tracey,51,118434,5
353080,Max,63,538288,5
359653,Karly,19,662444,5
390428,Quintina,24,372461,5
395397,Esmeralda,34,1.06944e+06,5
452984,Hermione,69,281097,5
460068,Violet,40,331804,5
475287,Agathe,50,1.21485e+06,5
569526,Lory,50,885821,5
609320,Dania,64,954465,5
754882,Mara,51,1.39883e+06,5
818242,Cathie,64,104466,5
819406,Glynnis,52,1.33154e+06,5
924858,Codie,26,983933,5
977127,Eolanda,48,76218,5
987146,Lauryn,19,790682,5
