29161,Grier,60,567354,6
44983,Rubie,29,362211,6
51162,Grier,50,944359,6
190957,Romona,71,578038,6
228051,Teriann,30,339778,6
277170,Berget,20,444311,6
291106,Shaine,55,881402,6
353762,Mamie,67,478013,6
436180,Kirbee,45,349345,6
436217,Joy,68,1.3776e+06,6
467246,Margarette,63,88698,6
536302,Amelia,68,1.1915e+06,6
549647,Merle,50,509906,6
601679,Sherrie,55,503537,6
706485,Sallie,33,796354,6
730618,Valera,37,917736,6
749665,Letizia,67,61170,6
778872,Jasmina,47,894550,6
827949,Stephanie,57,119925,6
831395,Eugine,51,939346,6
845047,Ulrike,44,887293,6
890569,Heida,63,1.23659e+06,6
