42756,Brooks,31,450411,7
93875,Di,52,1.00072e+06,7
130795,Dyann,28,739668,7
133421,Corry,21,48488,7
157774,Oona,68,1.20845e+06,7
173849,Willetta,41,843275,7
288955,Florie,18,1.03951e+06,7
289265,Elsie,24,612208,7
327450,Mariele,40,622485,7
353458,Gretal,52,895030,7
369947,Feliza,28,1.05515e+06,7
386233,Kirbee,65,936072,7
486177,Annabela,71,877902,7
584563,Florencia,64,627982,7
652329,Bill,36,759781,7
670848,Alejandra,59,213066,7
711760,Leeanne,30,561917,7
754994,Celene,43,588836,7
846389,Alie,60,1.10587e+06,7
857080,Jeanna,64,59716,7
905544,Desirae,43,1.37156e+06,7
986634,Oralee,18,129144,7
