4719,Marjie,72,254418,8
125008,Joane,55,1.1569e+06,8
131617,Siana,59,1.38535e+06,8
290331,Teriann,67,82792,8
296807,Averyl,33,112742,8
310839,Christian,35,485547,8
359214,Nickie,25,645124,8
382328,Dacia,58,1.25537e+06,8
452793,Ariela,20,164772,8
470798,Fayre,72,831920,8
478013,Maye,19,436713,8
479658,Nariko,21,761026,8
598993,Dorothy,51,312552,8
642595,Dorthy,63,164802,8
757307,Xylina,70,1.11598e+06,8
784652,Binny,64,523962,8
835595,Peri,30,1.30514e+06,8
855446,Annice,60,199193,8
869375,Frances,35,50818,8
882527,Linzy,33,800719,8
903925,Rivalee,67,684620,8
947324,Wendi,27,220892,8
