29744,Deane,27,726583,9
48328,Marcelline,48,1.21112e+06,9
70750,Bobbi,22,984059,9
86248,Ethel,65,1.01456e+06,9
99473,Charlena,28,751200,9
138682,Ida,35,962930,9
179687,Rochette,62,959880,9
247875,Lindie,56,655555,9
280067,Ingrid,21,534406,9
292090,Cassondra,48,445291,9
310774,Catharine,34,573528,9
341311,Clementine,56,1.28292e+06,9
393955,Codie,43,410275,9
502349,Gwenneth,50,100369,9
534271,Tierney,34,852873,9
632676,Mignon,59,909453,9
659813,Kara-Lynn,28,492536,9
747666,Hayley,55,529307,9
758461,Thalia,50,1.10196e+06,9
770795,Caritta,61,1.23e+06,9
862554,Dorothy,50,875126,9
973573,Dorothy,29,554445,9
